100
1 2
00
01
10 10
1000111110 0111000000 1110100110 0010000010 0100011101 1001110011 0001001101 1110111001 1001111000 0111000111
1100010001 0101110111 1010011100 1100010110 0011101111 0010101001 0010100010 1111001100 0101101000 1001010011
10 10
1110011110 0011010010 1101001010 0000101001 0101111000 1101110010 0101100101 1010001101 0010000101 1010110111
1111011101 0111001010 1010010001 0111110010 0000110101 0000001111 1000111101 0100100110 1111000000 1001101010
10 10
1101110001 1110110110 1101001111 0001010011 1000101000 0111101100 1111010110 0010110011 0000001001 0010001100
0010000001 1011111010 1110100011 0100111110 0001100001 0011011011 1101100100 1100000100 0001011110 1110011101
10 5
00011 11110 01111 01001 11000 10010 01011 11010 00001 10000
00011 10110 10100 11110 01101 00111 00101 01111 11100 10010
10 10
1110100011 0100111011 0011010110 0000100110 0111100001 0110011101 1011010100 1101001000 1001011101 1000101010
0111011000 1010010001 1100101010 0001000100 1000110111 1011101101 0100100110 0101010001 1111011010 0010101111
10 10
1111110100 0011001101 1010101011 1110101011 1100011010 0101101001 0001010101 0011000000 1100010110 0000110110
0110001011 1010110010 1000101010 0101100101 1100010110 1010111111 0111010100 0011010100 0101101001 1001001001
3 3
110 111 011
011 110 010
5 10
1000010011 1011011100 1100100011 1011010100 0000010011
0110101101 1101101010 1101100010 1010011101 1110101101
10 10
1101010111 1101111100 0010001010 0110100101 0110100010 0000010011 0000011110 1001110101 1111001000 1011101001
0100000101 0100001000 0010111001 0010111110 0110010001 1001100111 1111110010 1011010011 1001001100 1101101110
4 7
1101010 1111010 0100110 0110110
1101011 0110111 0100111 1111011
10 10
1101001010 0111101111 1110110001 0001110100 0010001011 1110010110 1100111001 0011000001 0001010100 1000101110
0010101010 0011100000 1111111101 0000111111 1111011010 1101010010 0110000100 1100100001 0000011111 1001000101
4 9
111011101 000011011 001011111 110011001
010110001 011110101 101110111 100110011
6 8
11110101 01001010 11101010 11001010 11010101 01010101
01010101 01001010 01101010 11010101 11001010 01110101
9 10
0011101001 0100101110 0001100100 1100000011 0011010111 0011101111 1101001000 1101110100 1111010011
0100110000 1010010100 0001010000 1110010110 1010100110 0000101010 1011101101 0100001111 0110101101
6 4
1001 1101 0011 1000 1111 0010
0100 1010 0101 1110 1000 1111
10 8
11010000 10110101 10101110 00011111 10001000 01000110 01100001 11101110 00100111 00001011
01011110 00000011 01001101 00110010 01110111 01100010 10111011 10010111 00001100 10101001
10 10
0110111001 1111000110 1101110100 0111101110 1010001001 0000000111 0001111011 0100000101 1001111010 1010010000
1110010101 0110111101 0011110010 1001111100 0011101011 0000000001 1101111110 0100001111 1111000010 1000000000
7 10
0000111111 1100101011 0010110110 1001101011 1010101001 0010111111 0100000110
0100011000 1001100010 1011111001 1011011111 1100010011 0010010110 0100101100
5 7
1101011 1000100 1000110 0101010 1111010
0111101 0101000 1001010 1111111 1100100
7 10
1001100011 0010101010 1110111010 1110001010 1110011101 0010101000 1100001100
1100011110 1011000111 0000001100 0000001110 1100111001 1110101000 1100101110
2 4
0000 1101
1000 0101
1 5
11011
11101
4 4
0111 1111 1011 0011
0000 0100 1100 1000
4 9
010011010 001011001 000011000 011011011
010111110 000111100 011111111 001111101
10 10
1100111001 0011011100 1010110110 0110101011 1110101011 1001001000 0001000111 1010010001 0101010110 0101100100
1001010011 1111011001 0110110011 0101001101 0010101110 0000111100 1101000010 1010101110 1001100001 0110010100
4 10
0110110010 1110100010 0001111110 1001101110
1000101100 0111110000 1111100000 0000111100
2 2
10 00
01 00
5 9
101110111 110001001 101101011 111100101 011000000
110001111 100000001 010101010 100011101 111100011
10 9
010100001 101010100 010011111 001110011 010101111 101000101 010001001 011011110 100001010 011101000
110101000 101000001 110110001 111111010 010010011 010111101 010101001 000001010 100110101 010101100
2 6
000011 000010
000000 000001
10 10
1010110011 1100000010 0001001111 0100111110 1011010001 0000111100 1111001101 0101011110 1110100001 0011100000
0101110101 1101001001 1001001011 1010010111 1000111000 1100101001 0110111010 0011000100 0111010110 0010100110
7 5
00110 10010 01110 11011 01100 01011 00101
01000 00010 10100 10000 10001 11110 10010
4 8
01100101 00111111 01101101 00110111
00111010 01101000 01100000 00110010
10 10
0010010100 0001010111 0001100000 1100110100 1110101010 1110100001 0001101011 1111011110 0001011101 1110001011
0001111011 0010010001 1111001110 1111111000 0000001111 1100110001 1111000101 0000101110 0000000100 1111110010
6 7
1000011 0011101 1100101 1110000 1111000 0101001
0100110 0111100 1010101 0001010 1110011 1000011
10 7
1111001 0110100 0010100 0000100 0101101 0110001 0001101 1111100 1100011 0011010
1000010 0100010 0111101 0000001 0001010 0111011 0100001 0000010 1111110 0100100
8 7
1111010 0001100 1101100 1101110 1001111 1101001 0110000 1110101
1111011 1110110 0011100 1110011 0010101 0111010 0100000 1010001
10 10
1110001100 1101000011 1000101101 1110110100 0010010001 0111011000 0110100110 0001111011 0001101111 1001010010
1010111011 0000100000 1110101010 0001011110 0110010111 0101101001 1001001100 1001110100 0110000011 1111010101
10 10
0110111111 1010100011 1111101101 0101100100 1000010111 0101010100 1011111000 1011011010 0000000010 0100001001
0101110111 0110111010 0101010101 1010100100 1011111001 1011001001 0100001110 0001000000 1110101111 1000010010
2 10
0101011010 0101100011
1001110000 0101101101
6 6
111011 100111 100011 100001 010010 110011
110100 001000 111110 011100 110011 110010
2 3
000 001
011 010
4 10
0100010110 0011111011 0100001010 0011010110
1110111111 1101101000 0111100010 0010011101
5 5
00111 10000 01010 11101 00101
01101 10101 00000 11010 10111
10 10
0101100001 0011111100 1110010001 1110010011 0101101111 1011000100 1000000011 1001011000 0100111110 0010101110
0100101011 1111011001 0100101001 0010111011 0001111100 1111010111 0011100000 1110000110 1001000100 1000010110
1 7
1001100
1111000
2 7
0101001 1101101
1111111 0111011
2 8
00001111 00100111
01010010 10000111
2 5
11101 01100
01101 11011
2 6
101110 001110
100110 000110
5 7
0111111 0110010 0110001 1111100 1000010
0101111 0111011 0010100 1010101 0011110
6 7
0010110 1010010 0110111 1110011 1001001 0001101
0001110 0010101 1001010 1010001 1101011 0101111
3 8
00010000 00010101 11101111
11110111 11110010 00001101
9 5
01010 11110 10010 00010 01101 11001 10001 01011 00001
11000 11011 01000 01011 00100 10000 00011 10111 00010
5 4
0000 1000 1010 1101 0111
0001 1001 0100 1110 0011
10 10
0000110101 0011100000 1101110110 1101101011 0110000111 0000001001 1111011011 1011011100 0000011000 1110100110
0010001000 0010110100 1001100001 1100011011 1101100110 1111001011 1111010110 0010100101 0001011101 0100111010
6 7
0110100 0101100 1110111 0010101 0110010 0001011
0100010 0010001 0110010 1000000 1011011 0110100
2 10
1111100000 1001010100
0110110111 0000000011
10 10
1000100101 1001000010 0101100110 0010101001 1010101100 0111011101 1110010011 0100111110 0111010011 1001011000
0101110011 1000001111 1011100001 1000010101 0011100100 1001101000 0100101011 1111011110 0110010000 0110011110
10 10
0011101001 1110001101 0000001000 1101111011 0110110000 1001010100 0000001111 1111110010 1010100111 0101010110
1101000000 1000011110 0010111010 0000110011 1101000111 1110100001 1011111000 0011000101 0111101111 0100011100
6 5
00000 00011 10010 01110 10001 00010
11011 01011 11000 00111 01010 01001
1 4
0011
0111
10 10
0111111001 1000100000 1001111100 0011100110 1100001111 1010100111 0101011100 1010010000 0101010011 0110001011
1000101101 1011110110 0010110111 0110101000 0100000010 1011000001 1001110001 0100001101 0111011010 1101011110
6 5
11100 10001 00101 00100 00000 01101
10011 00010 01011 01010 01111 11110
1 3
011
111
3 3
110 100 000
011 111 101
10 10
1000001101 1111101100 0001101011 0011111010 1000010111 1110000111 1111101001 0111110010 0000010100 0100010000
0111000011 0111000110 1000111011 1100111111 0110101000 0000111000 0000100010 1111011101 1011010101 1001000100
9 6
110011 011011 001010 000101 000110 100000 100001 110010 111000
111011 100110 100101 101010 011000 000001 010010 000000 010011
10 10
1010000010 0100101101 1001100101 1010110010 1101011000 1001000111 0010001011 0111111100 0110010011 0101111100
1001100000 0001000100 0101111001 0101011011 1000110001 1011100000 0110011110 1010001111 1110010111 0110101110
10 10
0111101000 1000111101 1111010011 0000110110 0110001100 1101010001 1100100111 0011100111 0011011010 1000001000
0110000111 0101101011 1110001100 0001011001 1110111001 1011100000 0101010110 0000111101 1010010110 1001100010
10 10
1010101010 0011101000 0100010011 0100010000 0011110111 1101010000 0010001100 1010100101 1101111111 1101001111
1110111000 1001010010 0111110101 0000001110 1110110111 1001100010 1001001101 0111101010 0000001101 0110010001
3 4
1011 1110 0010
1010 0111 1001
5 4
1110 1101 0000 0100 0001
0000 1010 1001 0101 0100
2 6
000110 010010
101100 110000
10 10
0100101101 0101111111 0010110001 0011101110 0010000100 1111110011 1110000000 1100000010 1001011001 1001011110
0000000110 1100011011 1010001010 0110101011 0110101100 1101000100 1101110001 0011110111 1011011000 0001110101
8 7
0000000 1111111 0010101 1100010 0010000 1101111 0000101 1110010
0111011 0101110 1001100 1011100 1000001 0101011 0111110 1010001
2 7
1000011 1010101
1100011 1110101
3 6
101101 000011 110111
000000 011010 110100
2 9
011000101 100100101
110000010 010001101
1 5
10111
10100
4 8
10001011 10100000 00110100 00011111
10001011 00110100 10100000 00011111
5 8
01000110 00100000 10100011 00111011 11011101
11010000 10101110 00101101 01001011 00110110
8 6
101111 110000 011011 001101 100000 010001 111011 100110
101111 000100 111001 100100 010010 110000 001110 111111
8 7
1001111 0000000 0100010 0111100 1110010 1000011 1100100 1000010
0111111 0000100 1101000 0100110 0110101 1110100 1100101 0011100
2 7
1001011 1001111
0001110 0111000
10 10
0011011010 1010001111 0111100111 1101100000 0011110100 1000010011 0100101101 1100111011 0101001100 1010010000
0111101011 0000011011 0000000100 0110110000 1110100110 1001010001 1101101100 1111000111 1001111111 0010011000
10 10
0110101110 0011010100 1011101011 0101110111 1111010010 1100000101 0100111011 1000011000 0000101001 1011000100
1110011101 1101000100 1011100111 1000011010 0011011000 0011110111 0100110110 0111100001 1100001000 0000101011
2 7
1010011 0000100
0110010 1100101
8 9
010101110 100010011 110010011 010110001 101000011 000101110 000110001 111000011
001110101 101010111 110000111 011110101 011101010 111010111 100000111 001101010
9 8
10000101 00011010 11101111 11100111 11011101 01111010 11101011 01110010 10001010
01000111 00101111 11011000 11010111 10000000 00100111 10110010 10111010 10110110
7 8
11111110 11011000 00110111 00111000 11001010 11111100 00110011
11010000 11000011 10101110 11100111 00010110 00000010 11010111
9 5
10111 10101 11101 10110 11000 11100 11111 01100 11011
00010 11011 10101 10110 10001 10010 11001 10011 11000
4 10
0001100100 1000011001 1110011011 0111100110
0001100110 1000011011 1110011001 0111100100
10 10
0101011011 1000110111 0100011000 0010101000 1101011100 0010110010 1011100111 1100000101 1011001101 0111100010
1000000110 1111101111 0110110001 1000011100 1110101100 0001010011 1101010110 0001111001 0111101000 0010000011
10 10
1100110100 0101011001 0111100111 1011101000 0000000010 1110001011 1011110010 0010011101 1101001100 0000110111
1000110000 0001011101 1010001110 0000100101 0110000001 1101011110 1111110100 0110011011 1101101011 0011100010
10 10
1111010100 0010100101 1101101011 0111101000 0000100110 1001011001 1000011000 1100100011 0110010111 0011011110
1000101011 0111010110 1001100011 0010011111 1011011100 1101010001 1100010000 0110101101 0100101110 0011100000
10 10
1010110100 1000100011 1011011111 0011001101 0111111011 0100011100 1101111011 1101000000 0100000010 0010100100
0110001011 1111110000 0000110011 1001101111 0000101101 1100001100 0111100010 1110011011 1001010100 0011010100
10 10
0001000100 0100000010 1110011010 0100101111 1001110001 0101101101 1010110010 0011011001 1111011111 1010100100
1011011101 0000101101 0000000000 0111011011 1101110011 1110110000 0101000110 0001101111 1010011000 1110100110
6 10
1110110100 1010111111 0011110100 0011110110 1010101000 0100100100
0100000101 0110001101 1100101110 1111110100 1010101000 1110111001
