100
1 2
01
11
6 10
0001001101 0011111110 1111111101 0011111101 0001001110 1101001101
0100001010 1010111010 1000001001 0110111010 1010111001 1000001010
10 10
0011010011 0101001001 0000001100 0100110010 0001110000 1010101100 1100110101 1010001111 1111110010 1111001111
1001101001 1000010010 0010101001 0111110111 0111010100 1101010111 0001101110 1110001000 1100101011 0010010100
2 8
00110101 00010010
00100101 00000010
4 7
0100111 1110011 1110100 1010001
1101010 0111110 0111001 0011100
4 10
0000011100 1111110111 0100011101 1011110110
1011100010 0000001000 0100001001 1111100011
2 4
0011 0010
0010 1111
8 9
111111100 000100101 111010011 110000111 001011010 111111010 011110010 010000111
010100101 111110001 010001100 101010011 100101100 011110001 010001010 110000100
10 10
0000001011 1010110000 1010110100 0001111011 0001001101 0111101010 1111110011 0110001111 1101000100 1100010100
0110111011 0110001101 1000000101 1101000010 0001111001 0000011100 1011100010 1010110010 1101000110 0111111101
10 10
0101111110 1010000001 0001001101 0110001011 0100110000 1001101110 0111000100 1000110001 1011110111 1110011010
0010011000 0001101100 1000110010 0011010110 1110011001 0000100011 1100101001 1101011111 1111000110 0111100101
3 4
1110 0100 0000
0010 0110 1100
10 10
1101000100 0010110101 1111000011 0011111110 1000101000 0011010011 1100101111 0110011110 1000010000 0101101001
1110011100 0000000110 1010100011 0001100000 0100101101 0111011010 0001001101 1010011011 1111110111 1101110000
6 9
111100000 000001110 101101001 001001111 100101000 011000110
000000110 100100000 101100001 011001110 111101000 001000111
5 5
00100 11000 10011 11001 01100
10111 11100 11101 00000 01000
6 7
0110111 1001000 1100100 0011000 0110100 0011011
0100111 1110111 0001011 1110100 1011011 1011000
8 10
1001110010 0100001001 1110001101 1011100110 0101100000 1111100100 1000011011 1010001111
1111110100 0011100110 0001110010 0010001111 1110011101 0000011011 0101110000 0100011001
3 7
0001100 1000100 1110111
1110010 0001001 0111010
5 5
11000 10011 10101 10111 00011
11110 01110 11000 10101 11010
6 7
0010011 0100001 1000111 0111110 0100010 1111100
1100000 1010001 0001111 0110100 1001101 1010010
6 5
00011 01011 01001 11101 11111 10111
01001 00001 10111 10101 00011 11101
3 3
101 100 001
001 000 100
8 7
1011001 0111101 1011000 1110010 1000001 0111001 0101000 1101000
1100100 1101110 0110101 1101100 0101101 0010000 1001010 1001101
10 10
1100011101 0001001110 0010100111 0000110011 1101100010 1110110110 0011001100 0111000000 1111111001 1000011001
0100011010 1111001111 0111100101 0000010110 0101110001 1001100000 0110011000 1011001011 1000101111 1010110100
7 10
1000111010 1000111001 0011110111 0001110111 0001101010 0000110100 0001000111
0110000110 0110110010 1010100000 0110011110 0010011001 0110000011 0000111000
2 7
1101110 1011101
1110100 1000111
10 10
0000100011 1101011101 0111101101 1011100000 0110010011 0110001100 1001111010 1001110101 1000000110 0110011010
0110100010 1011011100 0010001010 1101101100 0000011111 0011111001 1100010010 1101110011 0010000101 1101100101
4 10
1001111000 0101000001 0010010110 1010000101
0101111001 1011010100 1100011111 0101011110
10 10
0000101000 1011010000 0101111101 1000101111 1111101000 0111010110 0010000110 0000110011 1100001111 1111010001
0111000110 1101101111 0000111000 0000000001 0100111001 0011100110 1000111111 1111011010 1111000001 1010010100
10 10
0010011111 0000000010 1111001000 1111100011 0000111100 0100100110 1010110111 1101011001 1101001101 0011110000
0111010110 1101011101 1010100111 1000001001 1010110011 0011001100 0101110101 1000100010 0100011010 0111101000
2 5
10100 01100
10011 00011
5 9
010000011 110010101 110110111 011100010 001011010
111010110 000111011 011100010 111110100 010000011
10 10
1000110001 0111101010 1001011111 1101000010 0000111001 1011000111 0010110100 1110001100 0111000011 0100111100
1001101110 0000001000 0010010000 1110010100 1101101011 0111011011 0100010101 1011100011 1110111101 0001100110
2 9
000100101 000100001
101011001 010000101
10 10
1110001110 0110011010 0001001100 1010100010 0101001101 1011010010 0001110101 1110110001 0101110111 1000101001
0010010010 0110010000 1101010110 1101101001 1000110101 1011001110 0010101011 0110101010 1001000101 0101111101
8 10
1100111100 1010100110 1110100011 1010010100 0101000110 1011010000 1111111111 0110001101
1001001101 0000101110 0111001110 0001111110 0000010010 0001100000 0010000011 0110010110
10 10
1100100011 0011001010 1010011001 0111110110 0101100111 1001000100 1011011000 0110011111 1100110001 0000101100
0101111011 0010000000 0111100111 0100111010 0010010010 1101101001 1011000100 1001010101 1110001111 1000111100
4 7
1011000 1010011 1010000 0000111
1001100 0011000 1001111 1000111
4 9
110011111 100100000 110100111 001001111
111101001 010000110 000000001 000111001
4 10
0111110111 1001110011 1000110010 0110110110
1011100011 0101100111 1010100010 0100100110
2 3
000 110
011 101
2 4
0000 0110
0001 1110
10 10
1100010010 0011101101 0100011101 1010101110 1001110101 1010000010 0001000000 0111011001 0110111111 1101100010
0110001001 1001110110 0111111001 0000110101 0000011001 1011011011 1110000110 1101000010 1100100100 0011101110
8 9
001010111 110101001 001111100 110001111 111001001 110011110 100100110 010101010
100110110 000001000 001000010 001010111 000111000 001111011 000011101 110001101
10 10
0110100000 1110001001 1001111110 1111010010 1100011110 0001001111 1011110111 0010100100 0100110001 0001001001
1010110101 0110011000 1001011000 0001101111 1110110001 0111000011 1100100000 0100001111 1001011110 0011100110
10 10
1001111001 0111010100 1110100110 1010100010 0001110100 0000000001 0110101111 1100001110 0101011011 1011011001
1110000011 1111110110 0100100000 1001010110 1000101101 1011011001 0111111011 0000100100 0101011011 0010001100
5 9
000011010 100010000 010010111 110110001 110000111
110100111 010000001 010110111 000100000 100101010
6 9
011011011 001101011 000010001 110001011 101111110 000101101
111010110 001110000 100100011 000110110 010000110 001001100
10 10
1101101100 0010000101 0100111111 1001110110 1111011000 0010001001 0111011001 1100110010 1001000011 0010100110
0110110110 0111101000 1001010011 0010011001 1111100101 1001111100 0010101100 0100000010 1001011111 1100000011
10 10
1001000000 0111001101 1000111010 0101100001 0111000010 0010010101 1010101100 0101011110 1010110111 1100111011
0100000101 1001111111 0110001000 0111110010 0100011110 1011101100 1011010011 1100100111 0010001001 1001110000
3 2
00 10 11
01 11 10
4 5
00110 11111 11011 01010
01010 01110 11111 10011
3 4
0011 0111 1010
0011 0111 1110
10 10
0110000010 0010011101 1100100100 1001010010 1111010001 0001110011 0000111100 1111101100 0100101011 1011001111
0000110101 0100010110 0011111101 1110101010 1101000100 0000001000 1001011011 0110001011 1111100101 1011110010
1 2
01
11
5 8
01000111 10111000 10000111 00101101 11110111
10110101 11111010 00000101 01101111 11000101
10 10
0100000010 1101000101 1100010100 0010101010 0010101110 1001011101 1111111001 0011101011 1110110000 0001010111
0001010110 0000010011 0110111111 0000010111 0011101010 1110101001 1111111000 1011100000 1101000100 1100001101
2 3
101 111
110 100
10 10
1110101000 1101000000 1111010111 0010011010 1010000001 1111101110 0001100101 0000111110 0001011011 0100110101
1111111110 1100111111 0000001101 1111000000 1010010000 0001001011 0100100100 0001110010 1110011011 0011100101
6 5
11110 00010 10111 11111 10110 01010
10001 01100 00100 00101 11001 01101
10 10
0001000010 1111110000 1011011110 1010011110 1100000101 0000101001 0111011011 1101110000 0110100101 0000101111
0001101111 0110001000 1010111010 1011001111 0111100101 0111100011 0000010001 1000111010 1101010100 1100010100
10 10
1100001111 0011010110 1011110010 0111101001 1100100111 1111110100 0001011000 0010001011 1000011101 0100100000
0010111100 0011100001 0000110010 0101001010 1010011000 1101001101 1101100101 1001110111 1110011110 0110000011
10 10
0010000100 1111110110 1110101101 1101011011 1101101001 0010011011 0000010101 0001000000 1010101110 0101110010
1011110010 1000000100 0110111100 0111101001 0100101101 1100000111 1001011111 1011000000 0011011011 0100110010
10 6
100011 010100 000000 110101 100110 001110 010001 110011 011010 111101
110001 100010 101110 001101 111101 000011 001000 100101 001110 100110
2 7
0111110 0111111
1010111 1010110
10 7
0000011 1011110 0111010 0110011 1001111 0110010 0101011 1000101 0011011 0111111
1000001 1110001 1001101 1101001 1000000 1011001 0111101 1001000 0110111 0101100
10 10
1011001100 0101110101 0100101011 1111000010 0110010111 0010000000 0011101111 1000110001 1000111100 1101011010
1111100001 1110111111 0000000110 1000100101 0011110110 1101011101 1001001010 0110010000 0011111011 0100001000
10 10
1010100101 0000100110 0001110000 0110011011 1101000000 0100111001 1101101110 1010010111 0011001110 1111011001
1110100110 0010101010 1100000100 1000011011 0111100100 0010011000 1001001101 0101111101 0101010011 1011110011
10 6
100001 111000 100010 101011 000111 001111 011000 101111 011101 010101
000011 001110 111010 010100 100011 110000 111001 011100 110100 000110
8 10
1000100001 1010010101 0100101010 0000001001 0111110110 1001110110 0110001000 0110010110
1010010111 0000001100 0010111010 0100100011 1100110010 0100100001 1100100011 0001101110
9 9
011110100 100101101 111100101 101001101 001100111 100001010 100100100 100001011 110100001
110001100 111110100 010100111 111010110 000011010 011110100 010001100 111010010 000101001
10 10
1001111111 1111110110 0100100011 0000100000 0011001101 1101011001 1010111000 0110000110 1101011011 0010000100
0111100011 0000000010 1001111000 0010101101 1011011101 1110010110 0000000000 0100100100 1111011111 1101111011
10 10
0011111011 0101101001 0100100110 1000001101 1110011001 1011000110 0001010000 1110111110 0111000111 1000110000
0010010001 0011011110 1101110001 1110000111 1000001001 1110111010 1000101110 0101001100 0001110000 0111100111
5 7
0100010 1111001 1111110 0110100 0101100
0001011 1000001 1011001 1010111 0001100
2 7
1110100 0101010
1110011 0101101
6 5
01100 00010 11000 10111 11011 10101
00111 10000 01010 11110 01001 00101
2 7
0101100 1001100
0110010 1010010
10 10
1111100100 0111011100 0010000000 0001111000 1111000110 1110101111 0000000011 0000011001 1101110011 1000111111
0111010001 1001100111 1000101100 0101001000 0111001011 1000001110 0000010100 1111110111 1010111011 0110110000
7 9
011010001 011000101 101110111 011000110 000100010 100011101 100101100
001011100 000110110 100001001 000000111 111101110 111101101 111111010
4 10
0001110110 1101111010 1011001011 1001100000
1110011001 0100100100 0010010101 0110001111
4 8
00100010 00111000 00101111 01100011
00111010 00100000 00101101 01100001
10 10
0011011000 0111010100 0010101100 1010100000 1100001111 1000110010 0101011111 1111100111 0100110001 1001001011
0001011001 0100011101 1010111110 1100100011 1101001101 0111110101 1111000110 1011001010 0000100000 0010110010
6 8
00011001 00000101 11100001 10011001 01100001 10000101
10101000 00101000 11010000 01010000 11001100 01001100
3 2
00 11 10
01 10 00
10 10
0111101110 0111101100 0011111001 0110010010 1100000101 1100101111 1010010011 1000010000 0001111101 1001000010
1000111110 0010101001 1101111001 1100101011 0111000010 1000010100 1110101000 0011010111 0011010101 0101000110
8 9
111111010 011110101 100111010 000000101 000110101 000010101 100011010 100001010
011100101 111111010 000000101 011110101 111101010 100001010 111001010 011000101
5 9
010100111 111000001 010110110 011110000 010100110
011110001 011100001 110000110 011100000 010110111
5 9
011001110 011101101 111010110 010101001 011000110
001101101 000101000 011101111 111101011 010100100
10 10
0100111001 0110111010 0011110101 1000001111 1111100001 1111011010 1001000101 0001110110 1010000000 0100001110
1001100100 1110011111 0011010100 0101001011 0010011110 1011100111 1100101011 1110101000 0000010001 0101110000
3 4
1110 1001 1010
1110 1001 1101
10 10
1100111011 1011101100 0101010111 0000011000 0011110101 1011001011 0110011110 1100100000 0000100011 1111000100
0111010111 1000110000 0010100011 1100011000 1011001111 0100000001 1100111111 0111101100 1011010100 0001101010
10 10
0011000011 1100101011 1101111110 0110111100 0011000100 1111010001 1010110101 0101100100 1000011010 0000001011
0000010100 0110100011 0101111011 1101100001 1010101010 1100110100 1000000101 0011011100 0011011011 1111001110
10 10
1110011101 1001101111 1100110011 0011010101 1001010000 0110001000 0101110110 0001001110 0110101010 1010100001
0010111000 0101110101 0101001010 1101101011 1111110000 0110000100 1001010011 1010101101 0000010110 1010001111
10 10
1001010000 0011101000 1111111111 0101111100 0111101010 1010000111 1000010010 0110011001 0100100101 1000000111
0111001101 1101110101 0000000000 1100100010 1100110111 0011001111 0010111100 1011011010 0001011001 1110100010
10 10
0010100010 0000111100 0110001111 1010110001 1101001011 0101101100 1111010111 1010011000 0001100110 1101010001
1110111111 1001110001 0011001010 0110101100 1101111011 0001001100 0110000101 1010010010 1100100001 0001010110
3 6
010000 100010 000001
011010 010001 010101
10 10
0001011001 0110001000 0011101111 1110100100 0101011111 0100010000 1010010011 1000101111 1001100110 1111110000
1010100100 1111000011 1101011011 0001100100 1100010100 0011011000 1000010010 0000101101 0111101111 0110111011
2 8
10011111 11100110
00011110 00001000
10 10
0010000110 0111001111 1100000010 1001010101 1100111000 1010111011 0101110100 0110011001 0011101001 1001100110
1111011111 1010010110 0100001100 1000101101 0001011011 1011000000 1110110000 0111100010 0100111111 0001100001
1 8
01101110
10110110
10 10
0101000000 0110100010 1000110001 1011111001 1011100101 0101011010 1110010111 0101001100 0000001111 1010111110
1101101001 0011001100 0011010110 1100110010 1110111101 0011000000 1101110101 1000011011 0110000011 0000101110
